1.7649544200668539 1.7218448516605374
1.7270675423477078 1.6849591412502005
1.6935373705807018 1.6523531349445257
1.654620057176365 1.6081589400022278
1.6237748105451701 1.572121721651128
1.5842385047783571 1.5431742022902868
1.5511840856173365 1.5209623687194547
1.521024418023055 1.4929947817045632
1.4871703184704665 1.4717605184727522
1.4622375474315799 1.4423970145324903
1.4358764039372838 1.430003913658243
1.4072442669865453 1.4143755370228457
1.3854694324961092 1.4215366246914531
1.3626177551608725 1.3970575376898742
1.3486927373023168 1.3903084128671785
1.3296741278947268 1.3840968943969927
1.3067534306692965 1.3672559164425706
1.2859101128908461 1.3722377143618998
1.2737265143596659 1.3680880416245957
1.2594020573887155 1.3620057549762954
1.2435441684323887 1.3703817940516037
1.233997468379687 1.3518429642872978
1.2136629500156733 1.3666402526318213
1.2008811719524366 1.3480074689821124
1.184882724321171 1.3659781292007536
1.1778123047053248 1.3458109225524058
1.1667393546643936 1.344091388063078
1.155073693168959 1.3408462096326814
1.144008027971583 1.337857706991702
1.1329704595931547 1.3294391260923606
