0.43999999823999997 0.0
0.4727272718677686 0.0
0.5963636361467769 0.6263736260294651
0.6426630433909425 0.5755258125094598
0.6724511929856343 0.6572668111372524
0.6620739665944834 0.7335243550906808
0.6744565217024753 0.6850998462849309
0.697385340733074 0.7010785823264902
0.6974885844483453 0.7481590573272225
0.7064538514675068 0.7212499999098437
0.7109399075281683 0.6883495144962767
0.7208633093317738 0.6928982724862861
0.7256897937121434 0.6683127571466408
0.737459445951149 0.7006200176527351
0.7321256038470502 0.729126213521444
0.7347033017609166 0.6994492525020103
0.7378849881383183 0.7254098360061139
0.744612758678374 0.6551047119990115
0.7377214170543938 0.6649076516711802
0.75109170304186 0.7104660045293761
0.7518081461600341 0.6789366052706928
0.7585490270024835 0.6957689724180142
0.7556210836572868 0.67000626169881
0.7626965479710339 0.6939313983711126
0.763143919264239 0.6369353916159557
0.7596723596939757 0.703883495096818
0.7639624252644925 0.6835205992082696
0.7631534711587973 0.6541397533379836
0.7666778410867134 0.6699140400762228
0.7779081461485433 0.6832222894801199
