0.225230293224133 0.2691604556446923
0.2585964418775329 0.29355927437623497
0.28044792912309996 0.3043172549592042
0.30701075873288763 0.329981718468542
0.32520568173198744 0.35002109409216803
0.34909640673293096 0.366755730566672
0.3665354053874482 0.3839825622359168
0.3787180929506356 0.3960765012204773
0.4003586245609163 0.40859232175921845
0.4131917586730474 0.4218815919124465
0.4219464172660429 0.43081141893470726
0.4383130581534351 0.43917873716776823
0.4496167639427468 0.44156939953024954
0.45882849305266693 0.44466319786875314
0.46659869208138716 0.4482491914061886
0.4778144996709926 0.45914779918855325
0.4822269882442294 0.46104626636048474
0.49370649040361453 0.4663197862550421
0.5003691723507488 0.4664604134565331
0.5074889248294775 0.466741667846942
0.5161205259785103 0.47187456054210397
0.5193903382342875 0.4796793699985381
0.5291118768061039 0.47658557166213006
0.532328950156727 0.4807340739824788
0.5417340552703748 0.478413725216552
0.5447050136995419 0.4853044578947275
0.5495042542739471 0.4870622978567859
0.553442092684031 0.48903107861479433
0.558118275780943 0.49402334412732485
0.5620736938121073 0.4955702432871468
