0.49785714282158167 0.6466774715321431
0.5649617871507959 0.6746166949446991
0.5801825293098574 0.617179215204965
0.6024622716202358 0.6214209967527655
0.6234848484612316 0.7237288134366562
0.6331811263077176 0.7298091041512762
0.649578908800821 0.6724336792765359
0.6527226829912469 0.7556904399460258
0.672208167666346 0.7076372314191364
0.6823956442583523 0.665293511774944
0.6761904761666248 0.707915273053744
0.7011965811726087 0.6985698569088481
0.6914754098133943 0.7452471481945188
0.7066666666431112 0.756935270705821
0.7092985317876249 0.768506056424158
0.7134027325727585 0.7253363227886395
0.7200642054343479 0.695696721240195
0.7238851557506449 0.7757009344758744
0.7320382361784755 0.730337078569625
0.7316121284679793 0.7194570134932741
