1.0885147364934284 1.0040495603879294
1.0582198994954428 0.988576436360677
1.0268963373502096 0.9848834986686706
1.009976303100586 0.9360957663853963
0.9825802637736003 0.928850145816803
0.9662824997901917 0.8910139058430989
0.9471813176472982 0.8970344850222269
0.932354258219401 0.8593596700032552
0.9171054668426514 0.8515874307950337
0.9036756612459819 0.8437515184084574
0.8952561376889546 0.839100262482961
0.8721603240966797 0.829256595770518
0.8622551163037618 0.8226418027877808
0.8474111320177714 0.8241113661130269
0.835015017191569 0.8212625985145569
0.8186498767534892 0.8066356048583985
0.8090540687243144 0.8115295151074727
0.7871116105715433 0.8205686926841735
0.7701794114112854 0.8097441099484761
0.7618597030639649 0.8137701996167501
