0.4 0.49300000015894574
0.43325000007947284 0.508
0.4758333334922791 0.5150000004768371
0.4997500001589457 0.5636666669845581
0.5230833334128062 0.5699999995231628
0.5299166666666667 0.5970000003178915
0.544 0.579
0.5634166666666667 0.6203333331743877
0.57125 0.6183333333333333
0.5787499999205271 0.6150000001589457
0.580083333492279 0.6263333333333333
0.6015 0.6309999995231629
0.6065833333333334 0.634666666507721
0.6110833331743876 0.6406666668256124
0.6232499998410542 0.6383333338101705
0.6325833333333334 0.6393333338101705
0.6365 0.6486666663487752
0.6468333333333334 0.6513333328564962
0.6591666666666667 0.6453333334922791
0.6670833331743876 0.6433333328564962
